 0.031425 
 0.029375 
 0.027550 
 0.032700 
 0.030175 
 0.032825 
 0.031725 
 0.034825 
 0.030875 
 0.033400 
 0.029675 
 0.030675 
 0.033825 
 0.033300 
 0.026600 
 0.030525 
 0.027700 
 0.033725 
 0.032875 
 0.031400 
 0.029475 
 0.031200 
 0.035100 
 0.030675 
 0.030375 
 0.030125 
 0.030450 
 0.029775 
 0.027350 
 0.033250 
 0.030475 
 0.027200 
 0.032025 
 0.030450 
 0.032425 
 0.028150 
 0.029275 
 0.035850 
 0.033500 
 0.031500 
 0.027900 
 0.029075 
 0.029525 
 0.027350 
 0.031125 
 0.032200 
 0.028150 
 0.033950 
 0.030625 
 0.029675 
 0.032025 
 0.028450 
 0.029725 
 0.033375 
 0.031575 
 0.030725 
 0.028125 
 0.032100 
 0.032875 
 0.031650 
 0.028600 
 0.032250 
 0.030225 
 0.033125 
 0.029925 
 0.031175 
 0.031375 
 0.029425 
 0.030600 
 0.032675 
 0.029300 
 0.029375 
 0.030325 
 0.033825 
 0.030525 
 0.031350 
 0.031300 
 0.030325 
 0.027525 
 0.030425 
 0.030475 
 0.027625 
 0.035050 
 0.031975 
 0.029150 
 0.028450 
 0.028675 
 0.029125 
 0.030300 
 0.030950 
 0.032050 
 0.029800 
 0.029575 
 0.029525 
 0.036550 
 0.026550 
 0.027425 
 0.030725 
 0.029050 
 0.030200 
 0.027575 
 0.032850 
 0.033050 
 0.029625 
 0.031375 
 0.029950 
 0.028725 
 0.031325 
 0.031800 
 0.030775 
 0.031650 
 0.029550 
 0.034650 
 0.026375 
 0.030875 
 0.032400 
 0.026675 
 0.030900 
 0.027675 
 0.030600 
 0.028400 
 0.030275 
 0.033325 
 0.031550 
 0.030600 
 0.032800 
 0.031475 
 0.027850 
 0.032175 
 0.028925 
 0.033550 
 0.031675 
 0.027950 
 0.031875 
 0.028725 
 0.032825 
 0.035375 
 0.032175 
 0.033175 
 0.028325 
 0.030700 
 0.029725 
 0.029850 
 0.031350 
 0.030500 
 0.028575 
 0.028400 
 0.027650 
 0.030200 
 0.029950 
 0.029625 
 0.030350 
 0.028100 
 0.034875 
 0.028575 
 0.033450 
 0.033475 
 0.029400 
 0.029475 
 0.032200 
 0.030900 
 0.030700 
 0.027600 
 0.030275 
 0.031850 
 0.028700 
 0.032900 
 0.030375 
 0.028975 
 0.029525 
 0.028950 
 0.032675 
 0.029250 
 0.030575 
 0.028925 
 0.030825 
 0.029125 
 0.033175 
 0.030975 
 0.029125 
 0.032025 
 0.032000 
 0.036650 
 0.032375 
 0.030325 
 0.028425 
 0.031200 
 0.030575 
 0.027325 
 0.031275 
 0.028525 
 0.031750 
 0.028600 
 0.028550 
 0.027025 
 0.029900 
 0.030350 
 0.031375 
 0.028725 
 0.031750 
 0.034375 
 0.030650 
 0.029100 
 0.029250 
 0.027475 
 0.029850 
 0.030475 
 0.028300 
 0.036475 
 0.028700 
 0.033700 
 0.029975 
 0.029100 
 0.032650 
 0.039975 
 0.030750 
 0.030775 
 0.030925 
 0.028650 
 0.027950 
 0.029225 
 0.031775 
 0.033150 
 0.031650 
 0.028450 
 0.032600 
 0.031400 
 0.029675 
 0.030325 
 0.030725 
 0.027600 
 0.029925 
 0.034700 
 0.027450 
 0.030100 
 0.032875 
 0.031275 
 0.032075 
 0.028300 
 0.033500 
 0.030800 
 0.029825 
 0.033125 
 0.031650 
 0.030225 
 0.027600 
 0.030400 
 0.027800 
 0.031675 
 0.029950 
 0.034350 
 0.030250 
 0.027400 
 0.028300 
 0.033175 
 0.029025 
 0.030500 
 0.028225 
 0.031325 
 0.032850 
 0.030400 
 0.026875 
 0.029125 
 0.031850 
 0.027850 
 0.031900 
 0.027925 
 0.033725 
 0.030400 
 0.033650 
 0.031225 
 0.032400 
 0.031900 
 0.034575 
 0.029050 
 0.030850 
 0.029550 
 0.029300 
 0.031050 
 0.029525 
 0.030225 
 0.030275 
 0.031550 
 0.032125 
 0.029800 
 0.025650 
 0.032125 
 0.032725 
 0.029775 
 0.027950 
 0.028575 
 0.027275 
 0.029200 
 0.030700 
 0.029375 
 0.032325 
 0.028875 
 0.028950 
 0.030125 
 0.029475 
 0.031525 
 0.032125 
